61326
42143
58027
19688
42032
6718
148
4300
34454
36339
1056
1405
59880
10862
977
5530
51854
62059
62801
18318
62662
12711
58951
52953
31702
45907
36078
36671
13452
59433
57533
25133
1986
62263
60772
46533
13691
56294
22193
52418
38080
35313
31162
56356
40993
23870
57873
597
43187
5126
50
193
57885
46518
64517
18337
32631
38078
57906
12680
48019
25921
47374
54299
11468
24241
43083
679
1556
25322
59859
41252
4646
64180
49241
12326
2840
26096
62799
12030
1556
4437
6935
5843
43378
3238
60482
62023
51253
61284
64929
65362
23107
20137
43289
3770
521
6707
41651
3140
57174
2119
19120
65137
8704
35965
14009
64216
1527
38167
64408
50940
54155
41256
20715
52016
29346
24611
49872
26612
46129
25949
19211
54396
56100
2096
3606
16624
10963
1941
49281
48816
28165
14075
49466
18162
62374
23972
3315
23077
26459
37489
55589
956
2190
2012
55696
21410
64603
16195
7279
33703
2795
35790
42916
20894
55357
17500
59069
35035
14586
56659
52791
7582
24161
48922
55117
38167
17998
12490
36808
6927
50864
16448
3660
40281
9253
40391
50281
29462
62136
55833
45052
34075
58237
3486
5068
2823
35572
24637
38841
53495
24635
11644
57852
37280
36164
6618
32850
23259
20932
40968
57576
44340
63112
44948
27236
13365
45796
30384
45028
39767
39641
28231
46236
19621
12244
3878
4565
24768
37089
4154
11531
58937
28351
52648
2471
65133
52797
7851
24048
23081
37926
53538
39996
65354
46071
42406
31667
13218
23016
43581
3588
6102
21375
25742
42210
12315
27882
21219
12756
32654
9641
56812
39031
18231
35476
8169
50634
8736
50852
43335
41397
30264
1176
10942
59958
50341
2797
12831
15447
44417
59083
48485
30186
49513
27301
40803
57085
59568
63489
40748
19046
2806
20957
63209
27888
11334
13348
48315
53688
48507
23997
45250
3001
56818
11015
35468
32529
41915
61328
54901
31792
44774
58534
44263
33377
47886
51225
31359
41438
6620
35035
58589
56956
61500
36558
52375
38652
18592
3505
65015
47254
1321
16842
20381
34387
3922
40155
31875
1829
52640
35988
48694
34760
36279
13828
6324
48488
47022
60697
64370
59239
61752
20727
42766
12323
57959
24427
1280
37412
50304
59343
60102
46942
56321
552
15578
57016
13259
24246
62218
32809
32397
50839
34908
35904
44880
13280
4200
6328
18652
51433
45874
39823
24422
16328
9158
32848
65347
24089
15524
39772
61516
37599
1171
27628
22084
15977
13837
6830
21925
43821
47
65411
59232
29821
8607
14393
18468
53662
184
29523
46747
57968
53428
45203
27119
60401
48550
64428
7522
16269
6471
24685
12462
62853
29946
53515
1508
27249
55915
60208
61026
40575
4058
25998
32
52420
12232
6588
37986
17925
16870
44044
57372
22226
58486
36889
5670
41343
9893
54360
17180
19111
11722
44123
41919
59432
7358
1912
36804
42889
30433
48156
20000
18259
8952
32230
50042
34788
36352
14632
2451
47414
50995
49425
42371
11528
54548
26974
27915
5409
52154
2236
50840
50509
12021
37080
65314
21863
952
27635
2553
12928
17186
57561
23543
40048
35766
3249
21322
14246
23077
28953
316
30637
28493
31860
23208
32379
34015
56416
6186
15459
400
22351
38597
54850
63825
36005
10026
8085
43470
31299
41742
59073
36796
24070
12130
55160
43694
18665
34328
21373
4893
849
23685
10805
30153
11702
49880
62622
43109
33287
6018
51946
29242
57186
11619
23554
59379
12033
65272
19251
47323
64839
4675
22126
25894
53278
667
46240
11544
17321
23962
31205
18467
60069
41174
37602
34188
61521
5528
7049
19981
53583
4194
54444
19429
61162
43521
14490
64594
47122
61859
61035
38829
3064
20691
63354
5080
61223
65023
5995
19454
48242
58938
26294
22814
27110
3450
20241
60483
65348
35944
2449
38561
57714
46414
5418
45190
32071
38402
37512
22296
13902
46166
25991
24046
21369
7218
58819
13654
12123
23666
37991
35952
57975
65426
7812
51184
22475
10819
7770
28373
38296
63875
56292
7911
35090
50912
23464
59025
54036
53661
35467
33268
41190
49520
19565
43290
11806
49491
47662
40519
65232
26813
24545
32946
33514
36342
52982
39625
42970
20265
11919
16080
56303
59297
34850
39467
23139
11690
40046
51880
57066
10717
59014
2668
28464
3244
48411
53874
1912
45287
63164
49543
8227
54259
8613
2672
9282
38124
58399
20345
45138
42223
60598
37089
25354
49852
33526
7642
64600
44313
9978
589
46895
6056
12631
60848
11535
28733
21275
1512
36190
23710
34728
1078
41506
58578
11700
40431
36485
47800
53980
57283
44311
7875
56064
21569
43863
35279
48050
40462
24774
44886
33086
28567
51424
10175
53166
21865
35938
21237
29701
47643
11765
56685
55682
33483
62584
37
41472
1602
16534
46295
6186
22190
65434
60642
60358
35627
14713
35225
27881
6944
22421
43557
26585
26079
13142
35771
35307
9615
29544
1891
23794
2366
25279
58062
1094
50983
39252
2599
59684
10872
21116
7557
60801
30421
43971
59446
57730
50251
47055
41053
16901
61
65254
40143
29523
8053
53527
21529
2808
56119
34861
25591
29946
27410
18591
27394
35701
61351
62483
8420
8736
21456
17579
12858
12850
61886
37343
30461
13256
13619
42245
35497
20968
13047
36927
9981
57939
62549
28058
54067
54302
15466
47348
5155
25773
20438
1256
50256
13108
50998
46318
12186
60692
29931
15440
64308
2489
45093
58754
27240
63809
62922
3991
47378
28287
21461
2739
47258
2269
53715
43028
43334
9703
22768
16803
8831
29323
7221
30563
22350
27234
20060
24990
56092
7414
61949
11419
23536
44832
43863
24953
21821
22182
56511
56927
12028
18784
45031
14863
23227
58506
29520
835
63860
24048
23594
44582
15338
42114
1599
47453
47645
51634
13654
31501
18231
52815
27137
27913
36021
64848
55163
47280
56186
62134
31995
9758
59990
60772
25432
39681
37243
21954
56299
41523
18372
18888
45021
23010
11176
9829
21334
59823
36011
10185
50978
49144
13582
25333
234
15532
32013
11379
40681
50203
31479
61239
50197
3077
21600
3392
11519
40003
55007
32246
37175
12816
32807
61129
61449
60440
4237
30055
30495
50629
40443
49745
50580
3232
64127
58052
43730
45686
40782
17481
28285
60837
19718
59112
47553
46402
15212
42780
29427
48326
11960
49884
5862
32999
42616
18160
12215
20819
51990
53397
37753
36783
55902
64539
46697
22384
53897
